ISS (ZARYA)             
1 25544U 98067A   17237.81520819  .00002823  00000-0  49748-4 0  9995
2 25544  51.6390  51.2197 0004953 178.3809 255.2633 15.54202916 72581
TIANGONG 1              
1 37820U 11053A   17237.83536551  .00043637  00000-0  20205-3 0  9991
2 37820  42.7589 132.4515 0019274 218.0042 185.2831 15.82417874338995
AGGIESAT 4              
1 41313U 98067HP  17237.54274328  .00028403  00000-0  17328-3 0  9998
2 41313  51.6416   5.8408 0003078  40.2630 319.8598 15.77164560 89861
NODES 2                 
1 41477U 98067HX  17237.81380290  .00175890  23330-4  42900-3 0  9997
2 41477  51.6232 358.2828 0006416 335.9656  24.1052 15.95809421 73136
NODES 1                 
1 41478U 98067HY  17237.45455132  .00204611  27240-4  54364-3 0  9991
2 41478  51.6275   1.2037 0005611 331.9595  28.1110 15.94180496 73069
FLOCK 2E'-1             
1 41479U 98067HZ  17237.77247781  .00023677  00000-0  18373-3 0  9998
2 41479  51.6351  20.9186 0000965 152.2041 207.9009 15.71684609 72798
FLOCK 2E'-3             
1 41480U 98067JA  17237.48704748  .00023259  00000-0  18274-3 0  9995
2 41480  51.6350  22.0330 0000771 227.7336 132.3596 15.71399225 72747
FLOCK 2E'-2             
1 41481U 98067JB  17237.78245403  .00023536  00000-0  17781-3 0  9997
2 41481  51.6326  18.6955 0000651 118.3508 241.7556 15.72325779 72800
FLOCK 2E'-4             
1 41482U 98067JC  17237.77149770  .00027932  00000-0  18652-3 0  9999
2 41482  51.6315  16.3384 0001488 299.7528  60.3323 15.75109192 72837
FLOCK 2E-1              
1 41483U 98067JD  17237.87615257  .00020101  00000-0  16771-3 0  9990
2 41483  51.6366  21.6886 0001449 289.9584  70.1257 15.70055694 72646
FLOCK 2E-2              
1 41484U 98067JE  17237.47357733  .00027195  00000-0  20866-3 0  9999
2 41484  51.6376  21.2671 0001385 313.1603  46.9279 15.71865961 72616
FLOCK 2E-3              
1 41486U 98067JG  17237.89350562  .00026792  00000-0  21911-3 0  9994
2 41486  51.6359  23.2926 0001648 323.1453  36.9430 15.70345464 72641
FLOCK 2E-4              
1 41487U 98067JH  17237.80115174  .00018584  00000-0  15528-3 0  9991
2 41487  51.6364  21.9019 0002534 351.1664   8.9288 15.70080069 72654
FLOCK 2E-6              
1 41563U 98067JM  17237.41928575  .00018632  00000-0  16679-3 0  9992
2 41563  51.6358  26.8535 0001365 126.1854 233.9269 15.68393829 70623
FLOCK 2E-5              
1 41564U 98067JN  17237.81644354  .00017004  00000-0  15309-3 0  9998
2 41564  51.6360  25.0154 0001125 134.7115 225.3974 15.68328959 70679
FLOCK 2E-7              
1 41565U 98067JP  17237.79404604  .00024573  00000-0  18661-3 0  9991
2 41565  51.6353  19.5601 0003173  21.6900 338.4232 15.72172283 70640
FLOCK 2E'-5             
1 41567U 98067JR  17237.78559486  .00015097  00000-0  14181-3 0  9995
2 41567  51.6372  27.0832 0003708  42.2209 317.9073 15.67383001 70515
FLOCK 2E'-6             
1 41568U 98067JS  17237.80514341  .00018789  00000-0  16066-3 0  9995
2 41568  51.6356  23.4058 0003066  39.8923 320.2299 15.69508760 70598
FLOCK 2E'-8             
1 41569U 98067JT  17237.75102912  .00025524  00000-0  19087-3 0  9998
2 41569  51.6345  19.2716 0001338 343.7888  16.3068 15.72515902 70528
FLOCK 2E'-7             
1 41570U 98067JU  17237.42614472  .00160134  00000-0  90608-3 0  9998
2 41570  51.6348  16.3438 0004535 329.5544  30.5193 15.78075941 70555
FLOCK 2E-9              
1 41571U 98067JV  17237.52200764  .00023034  00000-0  16637-3 0  9992
2 41571  51.6346  19.2561 0002332  21.0474 339.0620 15.73402149 70485
FLOCK 2E-10             
1 41572U 98067JW  17237.76260441  .00024062  00000-0  18823-3 0  9998
2 41572  51.6355  20.8815 0003221  25.7659 334.3499 15.71478265 70482
FLOCK 2E-12             
1 41573U 98067JX  17237.78748085  .00023640  00000-0  17775-3 0  9992
2 41573  51.6347  19.5237 0002678  37.0352 323.0831 15.72434943 70502
FLOCK 2E-11             
1 41574U 98067JY  17237.52126723  .00025087  00000-0  18664-3 0  9999
2 41574  51.6333  19.9411 0003285  40.0410 320.0830 15.72644945 70477
FLOCK 2E'-9             
1 41575U 98067JZ  17237.78358907  .00029191  00000-0  20392-3 0  9990
2 41575  51.6336  17.1606 0003017  58.3093 301.8200 15.74033507 70521
FLOCK 2E'-10            
1 41576U 98067KA  17237.77193438  .00023553  00000-0  17580-3 0  9997
2 41576  51.6360  19.4533 0003008  55.7221 304.4062 15.72610451 70394
FLOCK 2E'-11            
1 41577U 98067KB  17237.77072918  .00023680  00000-0  18176-3 0  9990
2 41577  51.6368  20.2097 0003480  35.0421 325.0805 15.71941697 70207
FLOCK 2E'-12            
1 41578U 98067KC  17237.76859062  .00029828  00000-0  21080-3 0  9991
2 41578  51.6335  18.5958 0003386  19.0290 341.0835 15.73748814 70220
FLOCK 2E'-13            
1 41761U 98067KH  17237.46969901  .00013069  00000-0  15280-3 0  9991
2 41761  51.6380  41.5513 0006606 159.3666 200.7596 15.61934930 53735
FLOCK 2E'-14            
1 41762U 98067KJ  17237.83016664  .00011250  00000-0  13117-3 0  9999
2 41762  51.6393  39.4897 0006422 161.4329 198.6901 15.62178862 53793
FLOCK 2E'-16            
1 41763U 98067KK  17237.52405225  .00012429  00000-0  14144-3 0  9991
2 41763  51.6394  40.4415 0005863 170.0593 190.0519 15.62697121 53717
FLOCK 2E'-15            
1 41764U 98067KL  17237.05390199  .00012994  00000-0  15266-3 0  9996
2 41764  51.6404  43.8550 0006243 158.9789 293.6507 15.61816544 53620
TIANGONG-2              
1 41765U 16057A   17237.88870370  .00005850  00000-0  79461-4 0  9992
2 41765  42.7837 300.8892 0003266 341.2102 352.3272 15.58422897 53852
FLOCK 2E'-18            
1 41769U 98067KM  17237.47485234  .00019023  00000-0  22000-3 0  9996
2 41769  51.6389  41.5318 0004963 182.7372 210.6842 15.61886301 53690
FLOCK 2E'-17            
1 41776U 98067KN  17237.84218264  .00010536  00000-0  12422-3 0  9999
2 41776  51.6400  39.5822 0005358 190.0815 170.0073 15.61977285 53745
FLOCK 2E'-19            
1 41777U 98067KP  17237.45469038  .00019181  00000-0  19676-3 0  9997
2 41777  51.6376  37.6865 0004382 190.5326 169.5578 15.64960818 53696
FLOCK 2E'-20            
1 41782U 98067KQ  17237.55324750  .00014369  00000-0  15405-3 0  9994
2 41782  51.6390  38.3801 0004334 185.3027 174.7923 15.64089057 53568
BANXING-2               
1 41834U 16057H   17237.57229449  .00013659  00000-0  11750-3 0  9992
2 41834  42.7837 291.7027 0007782   4.4433 145.0362 15.69145210 48000
STARS-C                 
1 41895U 98067KR  17237.83244626  .00032162  00000-0  32485-3 0  9991
2 41895  51.6374  41.7261 0004210 221.8965 138.1708 15.65023851 38887
TANCREDO-1              
1 41931U 98067KT  17237.50494428  .00088531  00000-0  56818-3 0  9990
2 41931  51.6340  36.4748 0004064 212.3435 147.7316 15.75492706 34490
ITF-2                   
1 41932U 98067KU  17237.52033307  .00014921  00000-0  18045-3 0  9990
2 41932  51.6408  46.4325 0005304 167.4775 192.6351 15.60923085 34360
WASEDA-SAT3             
1 41933U 98067KV  17237.72318276  .00018737  00000-0  21792-3 0  9996
2 41933  51.6389  44.7628 0005164 172.3554 187.7519 15.61749804 34402
AOBA-VELOX 3            
1 41935U 98067KX  17237.55707951  .00017560  00000-0  20720-3 0  9994
2 41935  51.6402  45.9217 0004737 172.4053 187.7013 15.61426709 34479
TUPOD                   
1 41936U 98067KY  17237.78833272  .00371687  64141-4  10595-2 0  9997
2 41936  51.6269  28.5054 0007758 294.7723  65.2476 15.92690050 34104
OSNSAT                  
1 41939U 98067KZ  17237.46559576  .00056556  00000-0  50986-3 0  9991
2 41939  51.6374  41.5149 0005270 183.1943 176.9020 15.67592368 33789
LEMUR-2-REDFERN-GOES    
1 42059U 98067LA  17237.56317879  .00015920  00000-0  20056-3 0  9999
2 42059  51.6389  48.1957 0007817 194.0503 166.0274 15.59770344 26833
LEMUR-2-TRUTNA          
1 42067U 98067LC  17237.53906903  .00029561  00000-0  32030-3 0  9998
2 42067  51.6385  46.5297 0006756 196.4344 163.6433 15.63268625 26689
LEMUR-2-AUSTINTACIOUS   
1 42068U 98067LD  17237.53698535  .00018256  00000-0  22266-3 0  9997
2 42068  51.6392  48.0211 0007586 192.0989 167.9823 15.60510098 26760
LEMUR-2-TRUTNAHD        
1 42069U 98067LE  17237.55056148  .00018897  00000-0  23337-3 0  9999
2 42069  51.6401  48.1226 0006966 192.5268 167.5553 15.60159926 26816
ISS DEB                 
1 42434U 98067LF  17237.55143167  .00086202  00000-0  70571-3 0  9990
2 42434  51.6351  44.3284 0004086 201.2931 158.7897 15.69776666 23033
SOYUZ-MS 04             
1 42682U 17020A   17236.74059028  .00001870  00000-0  35418-4 0  9997
2 42682  51.6396  56.5753 0005091 173.8332   3.2104 15.54194246 19660
TIANZHOU 1              
1 42684U 17021A   17237.54431258  .00001806  00000-0  28327-4 0  9998
2 42684  42.7844 303.0820 0002329 330.7071 168.4444 15.57917808 19831
ISS DEB                 
1 42697U 98067LG  17237.53269989  .00079315  00000-0  79532-3 0  9993
2 42697  51.6357  48.7219 0005527 206.2266 153.8450 15.64798886 17490
HAVELSAT                
1 42700U 98067LH  17237.54246495  .00015164  00000-0  20914-3 0  9998
2 42700  51.6398  51.0562 0006346 219.3113 140.7419 15.57403014 15748
SOMP 2                  
1 42701U 98067LJ  17237.87090563  .00014016  00000-0  19564-3 0  9992
2 42701  51.6404  49.5031 0006271 221.1289 138.9231 15.57152657 15781
COLUMBIA                
1 42702U 98067LK  17237.54240314  .00031755  00000-0  39500-3 0  9999
2 42702  51.6393  50.3055 0006782 216.8547 143.1981 15.59640538 15670
SGSAT                   
1 42703U 98067LL  17237.57007893  .00025431  00000-0  32861-3 0  9993
2 42703  51.6385  50.4896 0003005 176.0311 184.0706 15.58776759 15669
CXBN-2                  
1 42704U 98067LM  17237.49290459  .00016032  00000-0  22333-3 0  9997
2 42704  51.6397  51.4771 0002558 167.5330 192.5726 15.57096481 15655
ICECUBE                 
1 42705U 98067LN  17237.61142341  .00017813  00000-0  24339-3 0  9994
2 42705  51.6410  50.7750 0002425 166.3632 193.7426 15.57529960 15738
PHOENIX                 
1 42706U 98067LP  17237.86762300  .00014760  00000-0  20516-3 0  9996
2 42706  51.6405  49.4832 0001825 189.0141 171.0819 15.57231428 15700
X-CUBESAT               
1 42707U 98067LQ  17237.86828239  .00015509  00000-0  21475-3 0  9998
2 42707  51.6398  49.4839 0001886 190.4394 169.6559 15.57287751 15694
QBEE50-LTU-OC           
1 42708U 98067LR  17237.87073830  .00015030  00000-0  20872-3 0  9998
2 42708  51.6399  49.5009 0001867 192.2961 167.7985 15.57238247 15659
ALTAIR PATHFINDER       
1 42711U 98067LS  17237.59167000  .00010375  00000-0  15169-3 0  9994
2 42711  51.6398  51.3832 0004801 157.0558 203.0649 15.56236088 15313
SHARC                   
1 42712U 98067LT  17237.52607872  .00009290  00000-0  13732-3 0  9992
2 42712  51.6402  51.7000 0002841 155.3389 204.7739 15.56087630 15546
ZA-AEROSAT              
1 42713U 98067LU  17237.56929820  .00013459  00000-0  19112-3 0  9997
2 42713  51.6400  51.2372 0002756 153.0591 207.0544 15.56740247 15312
LINK                    
1 42714U 98067LV  17237.55847379  .00019272  00000-0  26455-3 0  9992
2 42714  51.6391  51.1625 0002795 162.2831 197.8259 15.57344650 15424
CSUNSAT 1               
1 42715U 98067LW  17237.57547174  .00013389  00000-0  19027-3 0  9995
2 42715  51.6394  51.2748 0004918 149.3005 210.8275 15.56719799 15314
UPSAT                   
1 42716U 98067LX  17237.54448038  .00016399  00000-0  22477-3 0  9999
2 42716  51.6400  51.0715 0004741 220.6016 139.4623 15.57509188 15441
SPACECUBE               
1 42717U 98067LY  17237.55792126  .00015256  00000-0  21292-3 0  9996
2 42717  51.6394  51.1607 0004620 220.2390 139.8261 15.57084117 14689
HOOPOE                  
1 42718U 98067LZ  17237.87225893  .00015828  00000-0  21876-3 0  9997
2 42718  51.6399  49.5118 0004678 220.8765 139.1877 15.57315577 14737
CHALLENGER              
1 42721U 98067MA  17237.55622627  .00020900  00000-0  28291-3 0  9997
2 42721  51.6392  51.1462 0007940 202.7850 157.2790 15.57635936 14384
NJUST-1                 
1 42722U 98067MB  17237.78141139  .00011844  00000-0  17056-3 0  9991
2 42722  51.6401  50.4009 0007676 203.6066 156.4574 15.56476514 14419
UNSW-ECO                
1 42723U 98067MC  17237.57503218  .00016530  00000-0  23064-3 0  9992
2 42723  51.6399  51.2746 0007776 202.3422 157.7232 15.57002743 14365
DUTHSAT                 
1 42724U 98067MD  17237.56384128  .00020584  00000-0  28057-3 0  9990
2 42724  51.6397  51.1988 0006917 205.1296 154.9360 15.57467958 14282
LILACSAT-1              
1 42725U 98067ME  17237.59073509  .00013450  00000-0  19228-3 0  9996
2 42725  51.6401  51.3790 0006696 205.8203 154.2455 15.56543527 14285
NSIGHT-1                
1 42726U 98067MF  17237.86717286  .00008563  00000-0  12819-3 0  9992
2 42726  51.6404  50.2263 0006503 207.1782 152.8869 15.55849352 14339
SNUSAT-1                
1 42727U 98067MG  17237.52539509  .00014888  00000-0  21154-3 0  9995
2 42727  51.6393  51.6869 0008337 168.1890 191.9299 15.56599591 14246
QBITO                   
1 42728U 98067MH  17237.83515494  .00015525  00000-0  21828-3 0  9994
2 42728  51.6404  50.0146 0003947 211.5593 148.5163 15.56870906 14134
AALTO-2                 
1 42729U 98067MJ  17237.83497518  .00015185  00000-0  21366-3 0  9990
2 42729  51.6399  50.0113 0003870 211.6981 148.3779 15.56871012 14140
SUSAT                   
1 42730U 98067MK  17237.70977909  .00013832  00000-0  19621-3 0  9993
2 42730  51.6396  50.6736 0003959 208.5756 151.5019 15.56738612 14117
I-INSPIRE II            
1 42731U 98067ML  17237.57280664  .00019037  00000-0  26334-3 0  9996
2 42731  51.6391  51.2528 0007728 156.9792 203.1548 15.57121624 14147
POLYITAN-2-SAU          
1 42732U 98067MM  17237.83291095  .00016134  00000-0  22587-3 0  9997
2 42732  51.6390  49.9891 0007705 156.9745 203.1593 15.56933839 14189
SNUSAT-1B               
1 42733U 98067MN  17237.83905426  .00015224  00000-0  21486-3 0  9994
2 42733  51.6393  50.0309 0007586 157.8898 202.2422 15.56767561 14184
EXALTA-1                
1 42734U 98067MP  17237.57263506  .00018006  00000-0  24966-3 0  9999
2 42734  51.6393  51.2531 0009382 179.6893 180.4107 15.57088082 14090
AOXIANG-1               
1 42735U 98067MQ  17237.32998707  .00015108  00000-0  21513-3 0  9996
2 42735  51.6397  52.6352 0008351 198.7240 161.3445 15.56526274 15479
BEEAGLESAT              
1 42736U 98067MR  17237.52135911  .00015800  00000-0  22381-3 0  9992
2 42736  51.6396  51.6634 0008261 198.8925 161.1761 15.56629041 14195
ATLANTIS                
1 42737U 98067MS  17237.59507330  .00028919  00000-0  37343-3 0  9997
2 42737  51.6384  50.6520 0008465 199.6948 160.3719 15.58687376 14108
PROGRESS-MS 06          
1 42756U 17033A   17236.74059028  .00001870  00000-0  35418-4 0  9993
2 42756  51.6396  56.5753 0005091 173.8332   3.2104 15.54194246 11103
ISS DEB (ROSA)          
1 42813U 98067MT  17237.62362433  .00034546  00000-0  47655-3 0  9999
2 42813  51.6393  51.5953 0005309 181.0686 179.0295 15.56848686  9494
SOYUZ-MS 05             
1 42898U 17043A   17236.74059028  .00001870  00000-0  35418-4 0  9991
2 42898  51.6396  56.5753 0005091 173.8332   3.2104 15.54194246  4214
DRAGON CRS-12           
1 42904U 17045A   17236.74059028  .00001870  00000-0  35418-4 0  9991
2 42904  51.6396  56.5753 0005091 173.8332   3.2104 15.54194246  1578
